=== 승객/게이트 비율 상위 30개 역 ===

역명                              일평균승하차     총게이트       승객/게이트
------------------------------------------------------------
미사                              33,913       12        2,826
강남                             145,676       53        2,749
성수                             105,574       39        2,707
까치산                             49,408       19        2,600
서울대입구                           82,299       32        2,572
응암                              31,898       15        2,127
모란                              22,930       11        2,085
장한평                             35,117       17        2,066
문정                              39,221       19        2,064
삼성                              94,432       46        2,053
망원                              32,833       16        2,052
돌곶이                             20,422       10        2,042
목동                              30,176       15        2,012
암사                              28,149       14        2,011
마포                              26,099       13        2,008
둔촌동                             23,963       12        1,997
양재                              65,648       33        1,989
안국                              48,757       25        1,950
쌍문                              50,607       27        1,874
한강진                             18,663       10        1,866
수서                              33,383       18        1,855
화곡                              49,979       27        1,851
면목                              25,741       14        1,839
사가정                             29,099       16        1,819
마곡                              29,010       16        1,813
새절                              21,719       12        1,810
광화문                             61,270       35        1,751
강변                              50,680       29        1,748
강동                              33,031       19        1,738
길동                              16,939       10        1,694

총 매칭 역 수: 232
